176
35
179
109
141
167
155
54
121
54
105
8
105
38
62
131
132
82
102
20
17
158
119
76
196
18
68
76
62
180
110
154
111
189
29
68
32
18
124
97
186
199
134
147
186
169
87
16
165
106
3
8
7
81
47
105
164
77
172
178
79
147
199
123
109
97
2
72
118
195
24
35
165
105
74
195
99
190
103
34
46
102
108
117
191
151
15
53
56
48
27
170
94
51
24
3
196
196
105
38
54
144
122
71
102
60
92
108
42
23
116
47
152
89
183
98
165
160
44
180
171
187
4
33
103
58
109
50
186
84
98
12
58
92
200
81
61
44
195
187
5
111
32
64
111
44
67
81
106
90
119
30
68
156
39
62
145
103
105
13
194
99
63
9
28
159
34
173
30
157
69
16
147
200
59
104
141
64
5
42
134
28
63
65
120
140
38
44
114
137
155
187
86
50
93
169
171
119
1
41
162
100
185
45
10
58
180
2
117
162
11
105
101
3
5
122
33
47
63
37
99
42
64
92
39
113
28
15
103
39
36
114
132
0
180
118
158
136
120
24
48
176
55
88
30
83
160
155
43
176
122
1
1
92
191
123
4
44
131
58
14
190
85
13
107
37
170
103
44
107
56
160
45
104
113
112
153
170
59
78
161
113
151
44
181
7
35
184
4
149
136
128
17
161
99
12
180
175
186
31
81
176
47
109
150
196
51
44
114
99
178
31
57
165
94
159
110
75
91
145
128
67
38
19
179
144
21
92
190
108
24
61
114
134
136
110
41
41
157
56
175
140
13
192
39
125
176
96
55
49
85
103
99
160
92
168
45
142
149
32
17
29
8
197
74
116
59
145
61
75
147
7
197
44
69
58
29
14
24
45
145
108
35
184
130
22
43
68
15
71
9
2
151
192
109
48
118
21
71
66
24
179
18
179
105
107
179
101
137
60
29
97
46
83
133
86
148
108
112
43
101
37
97
117
112
156
59
96
40
177
127
101
172
141
25
8
45
121
137
8
103
181
85
110
90
187
28
33
84
180
3
161
94
10
17
133
42
135
115
1
59
81
197
41
46
184
181
67
5
118
10
50
199
110
186
155
49
109
137
48
49
178
97
71
50
79
13
33
19
75
7
129
113
197
62
126
56
119
31
30
12
18
137
92
168
21
145
200
167
142
49
157
76
176
106
104
168
28
168
54
186
155
103
20
181
49
25
15
191
144
10
92
138
37
53
170
169
88
121
123
159
152
2
155
165
51
142
54
89
12
188
83
159
51
149
84
149
64
142
100
109
157
73
13
56
124
114
107
79
155
165
84
54
193
162
130
101
160
38
184
168
32
100
96
0
9
75
17
61
63
148
171
75
168
126
170
144
50
50
171
100
32
178
93
114
37
190
103
77
149
189
175
99
45
108
175
83
157
114
36
166
58
40
77
17
85
21
50
120
135
44
197
33
83
35
32
180
102
2
12
79
138
85
148
6
113
3
95
170
174
42
188
66
133
108
40
144
146
98
58
43
155
22
182
149
56
139
25
29
47
0
136
163
114
40
30
195
106
80
179
142
34
169
131
51
88
108
199
153
3
183
187
192
22
63
101
32
164
41
70
1
40
44
72
10
122
197
28
140
163
183
85
55
134
165
160
75
116
176
90
163
162
0
135
40
72
32
81
30
105
164
41
136
53
125
80
96
126
188
11
197
68
121
166
106
187
155
132
135
197
152
185
117
146
136
166
47
142
87
86
152
103
57
126
124
177
71
69
176
138
92
60
80
73
17
46
18
30
129
125
79
108
161
143
62
33
68
126
28
179
30
120
183
185
189
74
190
86
161
179
167
195
150
51
83
6
85
99
19
86
134
139
118
173
137
66
93
6
95
156
158
98
156
170
191
47
1
1
165
96
133
12
82
159
114
10
106
36
66
83
153
104
69
119
139
144
31
167
159
142
31
62
194
66
99
121
196
0
169
72
137
56
88
153
0
7
31
73
119
14
102
197
0
22
66
155
118
38
39
186
7
42
118
117
25
195
183
200
60
198
118
156
190
185
164
192
105
199
55
130
82
184
163
51
114
56
183
134
11
23
95
181
46
64
11
153
71
30
186
5
148
80
7
75
49
118
122
21
53
63
158
116
114
72
121
178
84
192
161
1
159
0
175
29
75
165
180
48
105
39
23
192
115
24
200
49
89
37
112
48
177
76
167
72
186
188
126
150
96
18
158
192
58
106
160
196
186
120
114
9
28
75
37
103
124
79
152
3
157
8
162
199
53
195
39
32
133
122
48
170
36
133
155
51
30
191
81
143
188
18
95
104
7
117
45
200
108
178
170
46
151
195
50
182
163
9
170
59
79
174
90
139
20
28
70
115
125
121
0
67
116
197
134
170
43
9
107
115
183
84
92
101
189
192
172
41
48
181
61
135
0
60
137
49
196
169
135
92
172
109
83
106
81
65
91
121
70
18
26
187
146
199
6
120
139
26
122
74
26
167
78
6
118
66
132
73
66
176
70
149
164
104
25
181
141
151
90
45
72
185
188
27
192
14
1
75
32
34
152
86
195
158
30
167
122
31
29
31
141
57
173
125
150
22
12
23
103
148
190
84
41
86
56
111
79
189
116
57
140
61
7
34
180
65
150
154
13
145
94
117
191
160
10
25
2
85
78
86
9
22
133
134
16
183
0
59
147
199
147
188
193
169
81
157
110
33
181
44
115
64
157
62
71
181
5
133
81
116
115
75
128
37
84
99
55
147
174
139
15
106
146
144
35
82
50
22
35
119
174
158
170
52
145
5
149
27
163
113
5
136
109
161
19
109
114
8
165
172
56
108
134
77
13
116
49
79
132
53
44
175
151
6
185
14
193
43
46
177
122
47
37
194
29
84
25
196
178
20
114
197
171
79
113
106
127
157
89
117
10
162
78
133
35
76
97
141
92
49
34
121
72
59
65
24
104
9
102
140
88
110
183
65
25
27
112
167
48
70
134
107
49
136
172
95
77
82
185
153
20
186
124
176
75
62
122
156
84
189
123
71
21
92
49
190
117
170
57
40
149
161
169
149
177
85
65
170
27
26
168
188
62
37
173
53
36
17
124
197
100
58
133
17
183
11
69
198
10
8
184
40
137
69
70
7
94
89
133
132
10
23
10
66
153
189
76
127
179
104
1
72
64
181
4
171
112
27
122
68
20
113
40
1
103
58
102
0
73
162
58
149
143
135
129
141
148
70
198
192
8
133
56
120
66
84
29
198
46
132
188
75
53
103
32
96
167
93
135
156
174
64
24
119
171
2
118
131
178
175
9
191
19
65
8
51
64
49
121
184
4
11
195
123
137
128
64
189
117
103
55
173
36
117
74
21
63
92
4
192
65
44
183
174
175
10
44
146
198
24
138
69
93
60
161
94
14
9
5
64
154
39
97
128
148
145
178
196
77
97
55
66
195
49
197
29
105
27
65
153
176
52
78
31
155
168
58
187
28
8
188
67
107
71
31
115
28
199
145
128
173
141
51
123
49
80
22
108
103
86
121
66
25
95
182
33
62
135
62
93
151
65
35
35
190
160
29
54
128
82
157
156
93
115
149
133
54
172
182
33
84
39
128
134
48
165
57
98
171
162
137
183
151
1
182
105
151
189
149
171
178
69
169
30
193
135
117
3
77
5
200
118
136
61
157
44
107
20
82
144
22
52
66
46
87
129
97
4
168
155
37
66
76
98
37
91
80
94
31
121
31
125
163
104
82
136
176
129
172
122
140
83
121
32
190
116
158
141
165
81
19
77
61
165
37
81
198
26
114
95
14
58
93
14
17
79
163
151
169
112
30
0
126
60
88
47
131
168
62
172
16
91
7
165
127
22
24
137
185
8
21
63
146
34
122
149
124
131
129
59
144
71
116
162
148
5
23
175
138
76
70
135
14
155
62
27
96
58
39
163
141
7
107
89
55
162
122
181
69
113
44
106
155
31
145
62
146
46
30
189
96
139
37
42
190
120
13
99
147
30
159
164
54
128
26
123
146
180
54
42
182
26
41
30
178
68
98
24
80
84
154
117
54
159
165
114
137
123
131
111
139
175
53
32
88
69
169
80
13
103
78
64
118
54
194
190
129
192
11
116
81
29
144
70
132
120
156
103
106
169
49
192
189
58
7
18
163
148
9
64
61
36
91
104
72
14
153
121
158
139
7
150
150
161
170
78
180
161
44
34
34
1
19
79
105
94
88
14
29
188
174
2
128
113
195
46
3
147
180
11
151
131
0
115
26
76
196
100
200
75
37
131
51
144
38
60
28
0
128
125
20
143
14
39
101
122
64
140
157
153
4
193
42
6
145
93
11
85
89
84
65
178
162
81
95
120
33
51
132
153
149
177
84
130
35
96
191
52
168
150
148
56
80
66
180
12
196
36
65
138
56
190
161
117
144
194
59
70
82
174
29
50
57
78
140
58
31
161
11
114
60
17
108
85
31
62
67
135
101
137
61
38
118
163
67
4
168
62
184
6
134
189
76
63
57
46
94
60
58
146
97
119
30
32
63
130
77
147
160
92
14
35
109
157
164
103
18
61
64
100
155
85
103
196
88
110
154
18
158
87
56
58
72
129
171
87
145
58
172
65
46
6
0
49
19
146
54
145
196
174
82
132
178
8
106
98
14
149
68
189
68
174
128
190
128
130
181
77
37
3
179
149
196
159
5
25
84
116
160
183
43
141
151
123
74
39
85
112
2
61
169
44
161
60
121
91
34
90
61
91
41
124
108
28
126
36
180
172
47
139
152
192
190
168
197
50
16
50
41
45
106
14
71
101
11
50
98
15
155
10
165
38
191
56
44
170
140
17
81
29
14
194
124
166
35
162
1
197
153
100
102
33
28
104
87
3
22
176
153
110
84
29
99
84
0
199
133
47
149
44
109
109
137
4
0
31
190
185
170
196
58
17
51
19
183
56
95
89
93
135
150
118
67
15
109
164
51
127
129
129
109
80
26
121
6
63
4
183
113
90
95
181
97
185
83
36
135
1
12
176
88
144
21
119
15
162
66
80
167
27
140
105
110
135
174
156
136
94
64
113
42
65
181
186
121
161
106
119
173
157
142
182
161
91
53
156
145
122
163
76
198
35
48
66
100
14
59
49
100
57
57
199
108
152
21
123
184
171
192
50
56
68
104
4
128
34
54
42
94
81
82
3
185
71
18
171
2
71
109
71
76
14
13
151
58
60
156
151
200
106
182
15
147
17
79
47
40
179
26
170
6
60
21
65
147
26
178
21
137
167
74
78
152
192
15
159
147
8
117
152
42
114
167
32
27
39
172
86
43
32
138
159
182
19
12
200
149
9
1
72
181
30
95
141
110
110
13
12
109
189
181
169
116
32
177
173
67
164
155
89
93
137
1
136
138
189
114
150
29
171
196
144
129
135
121
115
45
80
69
102
35
197
6
167
95
124
40
118
76
42
12
47
113
91
12
142
61
80
158
25
118
15
27
165
27
17
126
76
15
150
43
14
19
98
61
48
21
156
157
115
152
22
159
73
44
147
93
163
107
25
159
12
164
55
116
160
181
97
167
53
46
19
45
119
63
11
1
163
153
185
6
103
83
162
167
151
5
172
16
193
135
128
174
141
38
166
110
108
151
22
33
173
123
83
167
77
106
24
188
27
13
63
37
176
50
166
30
63
70
154
52
157
90
112
101
107
122
169
61
145
64
22
63
167
1
102
82
186
156
192
32
154
62
3
10
8
112
136
141
105
105
149
54
50
43
65
68
189
189
160
104
84
55
4
159
89
54
45
63
63
190
109
157
89
116
8
187
127
92
64
177
196
79
58
128
66
58
72
69
166
86
55
50
139
7
2
94
176
188
46
19
29
28
49
192
31
126
133
45
96
65
143
29
200
78
69
55
76
36
39
31
156
79
141
90
30
119
75
153
72
6
56
128
90
158
61
189
11
44
166
166
71
93
161
177
38
182
118
21
166
82
194
78
60
32
135
118
51
72
95
0
84
10
110
99
75
3
120
145
82
130
57
198
76
33
58
147
193
145
14
189
52
144
79
173
36
72
92
137
100
69
185
74
113
123
58
176
27
96
146
136
95
40
197
14
189
168
3
80
68
77
37
166
95
187
118
129
172
99
140
90
185
165
161
99
37
43
176
135
5
109
127
84
49
119
92
185
155
121
18
51
24
134
24
148
178
153
81
73
78
78
13
126
79
85
61
32
152
6
177
107
165
104
145
21
110
153
181
4
36
152
22
176
31
119
3
118
183
160
162
145
191
125
69
33
37
61
159
158
155
41
131
22
114
63
123
151
50
62
68
48
137
178
38
179
198
104
108
105
122
149
28
114
44
25
157
162
104
186
88
33
178
89
57
128
186
200
100
199
10
12
55
174
188
35
186
75
91
52
54
52
116
178
59
174
96
154
85
172
2
110
97
163
100
3
154
72
46
40
5
133
5
127
16
86
62
4
114
10
150
131
25
166
36
156
100
67
2
106
75
135
91
10
26
161
3
73
11
169
94
52
28
44
72
43
50
45
21
113
151
120
148
146
3
25
69
91
30
60
163
195
151
79
16
96
101
139
72
33
99
138
34
156
145
92
9
157
120
112
136
51
79
106
185
107
1
92
190
86
132
126
35
62
139
53
33
51
47
119
23
196
181
109
131
135
73
48
48
17
165
67
193
84
32
192
145
24
199
29
110
144
195
120
135
9
136
92
163
14
92
69
183
103
138
0
133
158
185
49
82
71
45
142
193
167
140
200
25
69
171
82
160
10
124
46
117
190
170
174
49
83
9
190
95
119
61
24
38
78
20
134
94
189
131
93
12
7
159
139
129
177
80
97
113
154
129
82
92
43
128
130
151
36
149
134
126
63
151
160
74
34
0
117
125
116
136
81
140
4
160
147
137
144
42
191
121
40
151
10
177
129
78
42
106
44
38
127
181
20
35
187
35
168
137
89
9
189
183
93
72
109
34
146
132
17
98
157
48
99
132
107
96
194
116
154
186
92
153
38
127
194
20
120
36
46
30
67
53
140
6
21
194
194
62
4
152
2
160
9
29
99
128
145
109
88
148
108
183
178
43
198
157
1
153
136
123
98
195
164
106
27
10
191
192
165
73
109
178
179
64
126
26
108
158
165
50
162
134
30
76
81
87
164
58
6
19
16
161
83
93
146
194
33
87
130
20
34
24
131
188
70
111
151
9
67
163
108
186
80
21
132
169
134
19
147
58
37
60
72
47
193
24
107
170
183
20
28
54
81
174
58
185
111
152
114
54
132
66
173
156
172
30
117
86
188
199
31
9
158
4
154
37
85
3
61
3
35
104
172
166
39
54
37
103
78
48
196
116
64
73
146
16
5
167
17
42
88
19
40
116
98
22
199
119
118
95
64
67
99
155
153
129
36
170
99
90
10
66
62
37
51
119
4
165
58
167
135
192
26
131
98
154
96
86
167
144
154
196
69
62
131
33
154
96
77
88
131
12
174
10
143
134
167
90
183
62
188
129
99
199
185
56
95
190
161
131
143
153
99
178
21
27
86
131
112
175
20
26
166
30
133
33
194
120
197
96
128
112
74
31
44
188
53
163
146
69
168
102
168
9
181
76
67
7
79
148
99
122
47
159
10
159
192
135
82
34
192
161
48
79
89
53
47
104
144
126
12
108
65
5
172
134
189
46
181
115
70
12
197
61
49
66
52
83
37
51
35
173
85
30
86
42
188
123
40
186
144
186
163
198
36
19
165
187
71
169
38
3
71
146
161
1
31
180
139
72
85
53
80
179
143
91
191
33
28
193
190
149
27
53
127
110
142
148
118
198
89
137
28
93
147
24
98
115
147
63
94
126
26
33
88
185
57
51
114
188
157
41
174
99
122
142
81
96
159
49
12
10
55
126
85
121
38
70
9
182
75
192
28
86
52
121
156
47
59
171
123
56
167
119
22
78
193
148
2
154
149
134
136
147
140
73
87
135
74
156
75
34
17
26
14
179
77
15
149
54
103
160
177
145
142
94
198
92
14
129
182
62
155
191
46
131
100
11
62
177
194
170
34
17
174
179
134
157
54
23
4
166
7
80
180
102
98
29
77
43
57
69
155
53
196
194
95
92
135
102
186
200
195
38
127
60
34
64
185
96
141
172
170
168
83
150
188
143
61
132
108
76
177
43
85
144
3
193
74
8
107
139
76
103
180
77
4
151
17
57
168
63
4
119
84
24
27
169
183
64
188
127
20
116
83
94
30
139
64
20
117
16
125
153
86
29
41
86
92
0
167
138
122
133
133
2
55
170
167
70
21
87
148
14
144
122
33
100
70
171
85
135
42
6
178
139
37
146
104
105
49
15
130
65
11
30
139
73
130
28
65
68
37
45
24
182
149
195
10
162
138
25
75
190
51
98
4
13
151
24
61
108
71
162
1
27
190
40
17
102
149
58
47
152
77
34
13
122
18
12
67
4
34
199
108
94
181
181
3
120
173
180
154
148
103
139
38
156
184
135
52
115
18
127
186
79
199
41
118
141
74
75
119
176
46
26
185
191
105
160
59
142
142
18
111
107
183
198
131
93
40
130
68
154
95
49
108
84
115
156
125
105
14
101
11
68
18
132
100
111
151
92
79
23
25
40
47
26
111
28
143
173
52
110
135
146
63
61
56
141
60
99
120
118
73
193
93
9
153
87
22
86
48
36
66
95
110
109
81
94
179
97
57
108
4
157
89
146
50
83
72
124
28
91
193
32
30
100
97
115
0
30
175
25
115
148
163
80
174
33
133
195
27
148
3
6
17
34
149
10
48
17
163
23
195
109
187
113
66
164
163
6
175
149
105
127
102
187
58
121
11
175
117
72
13
96
146
149
41
23
19
195
91
142
13
152
134
106
54
38
138
27
194
72
66
110
97
153
18
181
179
98
130
120
164
73
161
106
146
62
175
187
149
38
126
28
10
149
41
0
102
9
92
178
119
191
52
107
87
170
17
126
142
152
19
120
31
47
139
17
158
94
105
95
154
194
50
27
42
106
45
196
12
88
84
57
3
52
194
14
187
38
130
126
200
35
60
199
44
150
190
91
107
73
33
152
78
113
198
73
58
112
152
161
68
176
112
137
121
149
68
198
192
99
135
199
89
17
192
148
103
87
14
196
53
194
63
122
120
6
36
10
101
56
114
17
58
5
151
65
142
23
62
98
180
148
195
4
161
164
84
31
179
11
182
118
61
189
102
199
38
140
187
196
167
16
63
171
27
83
79
45
35
67
101
9
173
118
191
182
80
90
61
8
181
110
90
139
47
103
82
110
182
51
181
15
170
117
96
49
176
43
121
108
100
23
128
161
62
176
77
163
184
40
30
111
74
19
43
6
74
85
142
66
131
118
43
33
154
15
200
114
153
74
56
139
14
128
161
119
54
39
117
100
149
129
153
142
163
8
160
137
192
44
154
69
74
192
168
70
15
95
56
30
60
176
171
111
83
140
19
145
109
21
195
87
142
135
81
188
14
17
41
134
24
99
97
58
130
194
147
145
48
32
171
17
170
41
187
193
88
23
136
119
42
40
151
35
175
53
140
75
138
167
127
121
44
62
172
187
164
154
182
144
132
150
2
194
64
29
0
29
106
194
121
82
169
78
139
57
28
154
1
62
113
174
174
118
85
17
178
62
187
51
172
58
151
188
181
75
148
7
76
142
77
59
36
72
93
126
104
179
191
150
120
38
112
60
59
175
158
108
83
4
133
126
200
189
168
71
15
33
96
81
161
164
10
160
175
161
157
43
154
73
36
200
148
111
64
196
111
128
183
112
18
75
192
28
1
116
157
107
172
74
49
174
90
81
139
177
191
179
127
49
132
82
24
78
186
99
192
92
139
44
96
133
59
193
155
102
157
163
104
194
192
48
43
55
18
34
121
63
64
131
57
96
90
71
172
176
174
53
52
30
195
57
42
24
31
120
97
106
197
147
15
153
122
23
102
152
22
99
41
15
74
77
14
8
42
69
98
132
98
115
87
5
181
34
129
108
49
134
8
68
86
79
169
12
140
51
36
21
148
169
33
122
163
3
174
172
92
108
196
166
164
60
151
120
128
66
20
119
32
84
176
155
198
0
66
30
12
73
125
195
189
53
191
139
121
85
42
15
154
106
144
52
38
13
143
30
47
123
157
21
200
11
112
184
67
143
137
171
7
133
196
21
182
49
99
114
110
99
141
95
13
36
27
112
145
144
121
138
140
13
83
117
175
52
35
195
81
181
3
188
12
194
104
140
24
137
200
177
116
94
156
172
71
181
102
14
37
88
57
33
9
38
16
155
40
41
56
37
84
134
106
176
99
185
100
39
108
16
159
153
18
153
120
194
66
77
195
1
170
164
35
22
175
141
126
26
167
82
27
23
114
14
175
193
17
182
84
138
22
146
39
32
78
137
163
22
121
42
196
60
195
71
180
106
140
164
102
126
171
99
46
175
142
138
148
72
176
175
3
18
52
30
66
28
149
68
24
153
124
46
31
2
30
34
136
51
93
85
128
1
2
190
123
28
0
184
54
64
178
9
108
39
159
92
188
75
55
192
107
128
109
149
125
155
190
31
143
53
93
171
22
82
155
47
139
197
121
171
189
13
27
120
134
147
4
157
162
47
144
100
27
87
140
180
153
196
153
186
140
90
139
97
16
180
33
87
139
72
87
66
133
5
85
54
106
124
172
135
69
86
148
137
197
188
157
155
53
51
145
139
34
98
167
175
15
2
175
159
180
178
101
97
168
8
156
156
45
65
79
103
48
119
20
104
6
68
9
10
7
135
158
44
162
175
18
177
102
90
127
115
173
140
120
129
104
112
54
184
37
74
191
171
22
144
3
162
79
39
198
93
153
115
63
57
118
153
156
141
70
173
36
136
32
16
185
46
109
12
166
144
168
16
190
168
25
119
40
106
57
132
107
108
156
57
6
142
33
102
161
159
86
197
177
36
68
85
118
184
31
3
13
146
175
174
15
96
56
51
126
92
152
198
72
86
66
80
120
156
191
79
46
172
106
4
116
28
7
5
185
58
127
142
78
64
27
61
136
74
192
145
27
46
35
121
28
113
14
52
33
1
11
111
117
172
18
169
200
147
46
110
183
153
102
198
31
45
149
179
43
102
55
194
184
183
84
18
163
184
67
147
103
156
25
33
193
35
169
111
115
97
93
194
136
168
37
48
115
149
91
81
80
88
199
77
63
131
184
108
186
102
113
35
119
158
135
25
79
69
90
50
66
22
70
166
200
80
6
15
74
101
116
88
27
101
37
120
76
125
77
158
193
185
187
185
80
94
99
122
58
37
25
102
56
185
38
119
180
4
97
58
15
196
38
94
56
23
162
20
181
19
195
199
150
2
193
4
185
158
69
120
73
87
85
54
106
175
113
62
94
67
156
9
87
91
117
146
49
181
198
11
155
118
174
174
49
78
37
37
90
80
168
133
33
127
37
142
77
50
117
151
184
32
9
136
143
81
108
124
158
1
78
196
158
0
182
172
61
69
188
154
90
169
165
164
100
150
91
163
136
190
140
119
99
0
155
42
128
148
167
196
74
157
35
88
26
136
4
136
26
23
88
93
88
82
20
18
199
178
1
2
157
57
169
182
15
48
194
157
75
9
98
185
21
15
146
67
4
151
90
4
91
91
37
135
112
28
48
87
105
115
80
47
188
128
91
198
181
45
47
1
164
149
8
28
126
179
139
35
144
107
138
130
67
135
105
62
75
71
58
11
62
0
10
84
43
45
192
19
6
80
38
190
190
108
54
84
78
187
165
161
55
26
141
162
106
4
117
126
147
16
76
172
78
117
121
68
81
121
2
132
88
167
50
124
112
104
186
125
179
134
35
140
113
120
63
40
83
198
3
18
118
176
88
6
198
97
142
62
64
25
102
186
13
126
93
136
51
18
91
76
86
85
59
121
51
138
169
88
111
100
42
9
144
197
107
76
75
14
114
118
61
170
130
15
136
94
4
93
116
128
58
171
50
57
129
17
90
62
137
41
199
107
74
100
85
70
185
58
61
129
143
74
180
136
150
89
191
138
53
52
77
66
113
11
65
34
144
71
193
88
193
156
131
21
103
58
174
125
156
78
66
134
167
104
159
154
126
179
125
19
47
50
164
95
119
173
104
141
190
190
33
130
160
84
109
87
59
17
123
82
81
121
161
70
62
189
100
160
198
150
177
124
129
31
156
98
83
53
156
78
58
101
178
12
131
147
54
167
157
85
111
85
89
193
62
165
37
42
182
26
7
115
197
122
124
150
154
114
58
118
29
46
15
193
43
114
43
16
83
193
158
2
78
102
35
51
122
117
189
140
89
91
138
184
92
50
49
48
47
87
14
74
7
74
124
17
0
85
161
200
133
52
83
78
124
193
11
200
57
173
155
156
38
108
163
98
178
16
165
131
123
30
55
65
196
134
189
160
6
169
40
169
152
72
78
178
25
20
134
182
118
182
184
59
32
137
180
98
57
158
68
16
114
11
83
21
179
140
185
195
20
152
144
176
153
75
189
90
93
119
159
67
160
190
47
43
35
161
8
6
26
157
195
43
29
134
158
67
76
44
110
131
185
141
2
194
184
187
90
27
87
106
28
135
191
181
18
69
190
62
39
156
73
104
120
68
197
193
124
159
120
77
149
187
150
33
60
95
56
17
164
108
165
68
63
79
167
34
6
93
148
56
173
151
145
65
66
16
49
148
136
64
155
77
179
140
43
34
56
87
43
175
13
195
90
25
80
161
200
88
94
65
36
153
111
60
117
48
36
104
52
137
72
91
33
4
138
82
11
114
116
8
163
107
77
4
33
92
124
19
68
157
139
192
96
182
73
28
89
91
17
160
57
177
170
6
118
74
59
118
24
174
147
100
142
34
23
61
169
110
18
90
84
36
189
90
185
4
86
146
97
61
26
196
99
171
118
164
164
129
148
124
23
200
163
93
58
70
35
35
170
17
158
167
113
106
92
134
15
2
93
25
160
197
10
189
87
22
46
189
75
81
46
189
11
121
158
191
175
184
93
94
173
106
54
185
152
93
170
150
152
151
24
10
53
90
52
174
180
79
122
114
144
174
171
186
116
35
152
192
136
94
141
163
142
120
184
129
106
100
187
152
151
22
173
156
38
165
131
28
86
119
82
92
76
41
147
38
151
25
107
93
22
168
198
80
83
129
143
181
61
81
140
170
45
2
76
168
25
152
45
55
125
189
131
189
33
70
152
31
185
91
124
67
121
6
136
13
13
124
38
183
56
112
127
84
89
85
163
94
151
75
140
17
21
105
45
162
156
133
29
63
161
59
127
198
159
145
33
9
20
101
138
73
41
46
126
42
145
129
120
194
122
99
133
43
180
76
20
93
148
121
52
191
195
137
174
20
24
101
103
71
12
182
120
45
176
129
43
133
135
110
102
168
112
133
129
134
140
140
51
25
1
118
156
24
9
62
62
98
163
172
93
144
128
61
169
75
99
141
7
13
19
147
194
68
172
40
6
91
191
55
141
100
136
82
196
57
158
167
56
144
82
199
83
159
9
47
174
6
78
85
17
75
114
158
134
54
115
65
23
70
35
140
28
179
147
108
18
24
173
29
141
175
50
75
103
160
73
17
47
44
153
178
179
123
159
21
163
194
170
56
0
159
42
105
99
73
165
27
2
79
116
6
40
73
75
126
9
186
160
176
54
4
183
170
194
162
82
125
69
116
47
9
167
119
41
39
20
82
196
1
144
185
138
150
145
112
161
148
163
98
78
74
198
128
142
160
114
176
100
2
139
2
56
27
50
74
105
59
88
54
4
94
18
56
110
123
50
88
193
7
64
31
40
10
159
171
109
79
135
40
164
9
160
33
146
141
54
181
123
68
109
105
44
178
162
157
5
184
27
101
37
66
44
101
94
82
145
117
93
86
128
69
119
103
160
137
183
91
195
22
33
170
86
172
108
18
51
193
3
121
160
24
54
0
157
33
103
82
51
116
110
163
79
52
110
148
200
126
32
29
27
125
26
66
2
149
122
36
53
103
120
167
98
54
180
189
197
52
134
172
107
70
169
149
152
63
116
22
12
166
10
108
3
21
62
190
38
117
34
167
106
56
129
154
60
69
32
101
173
115
127
112
25
129
104
6
33
186
192
97
27
6
132
21
73
171
160
126
73
67
92
27
110
109
155
16
131
17
184
49
97
106
32
120
157
104
105
122
49
24
5
163
186
55
121
146
170
170
90
193
103
139
153
185
49
168
18
81
134
100
10
186
84
186
62
88
38
93
186
102
196
120
131
4
105
163
182
124
174
52
30
177
132
63
115
116
169
168
96
104
131
179
146
23
172
143
96
90
143
15
19
87
27
80
128
112
53
147
106
118
40
103
103
123
128
43
141
59
122
196
73
71
2
12
179
84
56
68
18
170
42
143
42
60
23
166
148
163
154
194
199
61
27
159
65
169
180
172
134
17
96
161
147
194
165
195
37
128
200
94
157
140
148
102
12
165
65
185
86
109
91
124
159
178
20
23
96
141
90
66
156
89
133
39
61
127
191
123
133
129
185
48
169
159
42
83
114
200
139
89
97
180
165
2
36
70
82
190
188
55
159
18
187
106
85
33
190
170
6
34
80
54
71
137
187
133
47
194
121
90
129
189
167
55
73
121
22
151
171
37
69
34
145
7
111
136
187
15
183
143
81
156
155
104
109
107
58
178
4
107
20
114
11
63
95
120
20
81
192
188
10
142
24
68
57
134
57
42
89
103
12
39
105
153
5
113
90
31
188
143
64
65
142
107
177
79
150
128
172
30
50
128
41
35
128
54
141
190
45
110
71
188
138
57
59
80
68
199
73
146
198
120
162
133
48
167
63
64
31
29
88
198
73
141
140
54
23
33
90
52
155
148
150
132
140
134
69
125
94
178
62
47
31
193
31
140
175
102
4
30
0
161
178
178
50
52
62
124
188
1
196
42
199
11
10
52
187
94
32
40
130
175
1
41
17
67
23
26
144
110
184
9
138
135
184
50
185
23
67
91
194
190
40
117
11
137
19
51
20
115
44
33
147
11
187
10
97
114
125
194
69
42
120
126
28
70
98
187
122
38
51
137
155
195
11
29
156
113
181
110
80
85
193
18
88
66
62
95
59
2
181
108
60
172
96
173
151
106
130
115
168
140
157
73
191
27
63
159
179
133
188
41
185
53
21
109
146
16
13
140
26
106
187
193
32
198
38
33
190
181
49
186
188
166
44
86
9
147
154
146
91
1
193
199
170
187
194
166
40
41
173
18
16
20
140
184
167
124
135
165
42
78
177
114
97
26
84
99
50
150
33
89
9
10
29
35
34
6
176
57
185
166
51
141
107
81
47
80
18
114
153
13
1
190
33
195
28
70
111
187
184
182
17
161
84
105
100
152
107
184
117
133
7
26
200
180
110
23
178
107
198
30
17
106
122
79
34
196
161
36
20
109
89
159
67
26
69
128
25
71
136
152
174
46
93
193
134
70
54
0
81
192
31
5
81
124
44
6
106
48
171
154
109
59
134
109
178
126
189
19
51
7
79
155
42
71
168
102
3
11
188
136
67
143
103
74
51
132
113
47
115
121
154
181
36
61
68
73
148
35
164
12
146
114
84
52
136
119
162
10
102
123
90
186
177
22
164
167
95
81
93
71
178
32
68
15
20
46
180
144
150
42
5
166
129
50
23
119
156
190
92
126
120
183
143
52
172
177
80
97
40
15
127
72
173
52
6
91
128
54
46
52
119
130
69
104
200
173
27
138
155
114
191
163
67
113
99
118
197
29
144
90
89
156
57
88
36
175
157
100
50
41
124
71
52
183
182
94
165
146
3
91
200
37
162
133
152
36
163
154
195
60
29
58
71
148
42
15
112
126
10
129
56
111
61
100
128
7
130
152
7
128
57
159
38
8
19
75
111
185
61
16
74
39
134
57
48
27
138
171
184
69
149
127
24
144
4
13
0
13
188
68
48
129
167
148
14
133
140
165
174
132
69
145
12
140
31
135
152
148
138
8
158
26
106
11
43
134
115
193
167
132
141
47
75
22
196
127
164
96
174
13
39
157
37
44
32
92
38
55
45
155
197
29
82
114
194
177
11
74
3
68
121
175
115
37
105
191
165
120
62
10
132
183
5
118
134
13
188
6
80
98
84
169
103
107
44
177
197
160
200
34
76
155
133
50
99
171
187
166
79
146
103
54
107
35
139
138
179
86
154
143
37
61
193
54
44
85
195
5
122
149
82
3
154
183
131
53
137
168
182
39
160
181
95
127
171
186
4
123
134
161
9
80
88
90
65
94
163
9
11
97
33
167
90
78
49
146
64
191
109
97
42
6
102
39
10
173
179
55
186
74
140
101
156
193
190
0
190
139
158
66
180
157
55
15
111
88
144
42
182
192
175
156
189
30
200
40
198
21
139
59
152
118
41
105
43
26
108
66
171
167
175
164
62
183
127
42
51
118
172
17
5
104
154
165
163
26
52
76
103
123
106
108
82
43
54
166
47
193
19
180
87
163
67
185
3
161
29
136
58
5
21
79
31
148
42
98
170
165
125
190
26
87
20
86
47
103
199
0
177
40
137
73
56
193
157
9
37
32
13
123
87
33
7
107
153
110
154
61
58
14
141
175
163
59
29
34
166
167
97
170
100
134
150
13
50
36
183
9
91
38
52
178
90
126
44
156
135
157
36
13
140
29
189
57
156
126
135
126
149
188
115
19
189
139
121
165
165
138
92
182
29
39
184
60
138
79
185
104
69
122
180
18
8
24
16
196
37
21
174
120
191
166
145
73
158
168
118
2
150
196
87
95
92
144
138
72
82
199
21
61
184
6
118
86
26
98
168
17
138
175
59
94
115
141
156
105
72
95
28
67
177
56
2
189
101
72
128
98
45
11
12
136
186
109
56
69
163
77
135
191
108
136
151
147
139
15
80
157
61
5
181
22
167
118
101
107
1
198
150
107
173
123
77
35
132
41
107
69
6
197
114
68
34
153
161
125
155
60
92
134
37
111
7
50
187
88
101
99
178
159
166
23
58
117
166
111
14
67
109
18
76
38
172
163
47
105
189
103
128
195
169
183
50
42
177
15
49
3
35
150
42
39
149
34
62
102
4
34
101
98
123
160
15
71
80
108
128
113
189
53
26
111
41
111
46
35
132
67
167
54
143
124
23
24
99
41
128
198
55
115
175
95
63
199
14
2
197
39
24
20
147
123
81
95
85
92
70
51
6
189
152
199
27
0
155
62
46
45
162
153
164
46
187
138
4
6
60
184
104
54
62
33
21
71
119
170
56
196
126
66
32
51
187
195
132
116
157
123
123
124
75
128
2
54
20
134
32
74
167
99
167
150
65
33
91
26
83
129
111
144
47
98
82
128
155
71
20
99
93
30
60
88
171
7
71
77
165
163
13
124
137
3
82
197
138
45
123
114
191
56
85
40
130
11
47
25
55
21
136
70
191
1
153
64
64
127
188
170
144
15
181
72
57
138
170
76
30
54
175
141
183
57
38
31
46
34
115
164
80
34
154
192
180
191
24
192
90
107
158
101
106
106
71
38
19
175
11
29
31
147
79
127
7
23
169
91
45
95
158
77
53
84
0
68
50
138
113
103
123
49
62
123
21
9
39
17
117
73
77
109
109
160
177
172
140
107
25
174
122
57
193
80
44
42
159
181
0
125
124
100
96
189
46
184
11
76
200
128
2
35
91
176
116
120
125
157
196
128
185
187
177
77
133
101
42
142
194
193
61
7
146
169
116
2
145
32
97
115
91
88
177
12
34
26
105
133
113
137
134
43
182
72
83
140
50
39
108
167
53
149
200
72
141
169
65
35
86
18
52
21
134
182
45
141
58
125
24
187
2
199
106
67
168
13
101
134
100
27
48
196
151
43
7
133
52
44
132
148
30
193
136
28
31
146
51
105
71
175
34
134
136
183
13
46
88
47
173
63
81
180
129
70
175
63
82
75
52
189
38
90
53
59
76
104
183
13
156
109
114
70
9
118
35
97
166
153
200
85
150
10
166
53
136
3
155
63
99
162
19
178
84
116
147
15
101
27
119
19
97
8
64
61
126
25
133
99
32
28
97
85
141
168
127
163
20
3
139
128
90
100
8
33
62
18
61
161
119
116
36
54
18
177
173
168
120
121
187
85
106
141
12
63
130
121
120
91
67
125
95
98
77
190
165
138
106
63
138
131
162
176
51
21
122
150
157
30
29
29
185
165
3
145
42
154
168
200
15
188
196
193
111
11
70
102
18
143
195
125
149
157
170
188
87
184
63
172
28
10
186
16
60
181
164
16
174
24
152
121
166
165
142
126
199
56
56
63
67
134
70
156
6
97
122
2
158
180
1
4
112
22
172
62
17
103
184
151
52
85
71
9
182
93
195
63
171
189
10
198
91
188
149
91
24
171
83
99
141
192
180
56
134
94
190
74
160
200
104
164
70
30
163
58
93
24
80
50
78
2
181
129
131
27
7
12
84
66
8
62
59
27
89
135
174
81
17
3
27
22
109
43
93
136
54
73
126
158
131
113
170
193
184
6
8
100
5
27
40
26
194
140
8
120
62
142
9
141
15
59
36
130
30
177
51
43
27
156
144
38
104
3
54
47
127
173
57
130
139
12
80
148
142
123
101
153
116
102
85
84
149
45
188
40
160
29
66
98
189
20
198
184
79
145
99
58
2
103
124
103
32
191
132
97
176
175
111
33
78
26
104
110
50
151
175
28
86
57
22
129
77
113
182
49
47
102
170
134
34
181
33
36
21
133
48
85
78
93
40
169
75
14
1
122
186
77
89
91
54
100
131
165
189
148
50
168
138
186
111
30
126
88
197
7
182
147
190
44
99
16
182
125
98
64
104
158
110
55
76
134
68
43
42
22
102
200
68
60
123
21
47
157
137
142
132
74
165
150
32
91
126
185
167
181
114
196
15
130
77
92
83
18
52
189
154
145
1
23
74
67
38
155
127
92
149
126
192
76
34
47
177
61
93
93
119
167
185
147
86
121
196
88
99
52
0
37
189
3
97
185
115
44
103
165
55
14
31
89
39
138
87
163
128
188
101
125
35
156
189
9
35
152
74
25
141
28
7
29
89
57
92
113
85
50
168
97
187
75
29
46
34
159
48
137
54
101
66
50
186
37
178
32
3
139
135
189
49
163
176
91
4
101
197
37
34
65
168
176
76
186
67
1
200
131
60
166
58
70
158
78
62
76
126
23
26
121
111
183
112
116
175
117
170
143
37
82
1
30
11
19
56
65
186
48
24
189
191
9
197
164
133
75
71
59
87
145
22
142
82
5
102
17
33
76
151
63
25
79
156
77
30
135
24
125
109
164
37
124
76
18
19
133
134
89
110
135
81
179
43
135
110
184
199
144
147
15
197
93
198
133
152
14
121
59
118
93
107
83
125
168
85
191
40
140
162
167
67
175
150
35
69
29
75
200
18
31
98
151
136
33
102
32
55
73
199
79
4
128
93
156
41
39
48
176
74
59
138
83
170
8
93
185
11
134
59
130
192
177
159
57
104
52
168
27
199
105
40
169
70
80
110
168
10
198
160
184
67
54
149
187
63
7
159
119
128
0
126
161
128
107
160
54
80
147
73
104
41
3
68
164
42
143
88
154
147
116
159
58
100
93
70
51
13
167
76
49
79
197
80
94
109
182
146
117
175
35
70
93
173
59
195
87
173
18
196
175
150
36
171
85
80
144
80
135
10
177
112
185
154
176
162
90
182
188
199
120
149
175
48
71
51
31
164
28
165
55
145
82
49
55
197
8
11
67
58
45
133
152
126
88
52
85
64
139
148
119
200
93
184
54
128
163
11
195
68
121
76
185
65
162
52
117
197
13
132
161
36
2
84
83
112
147
36
31
151
26
15
77
82
185
73
74
194
50
102
32
117
108
170
178
176
175
101
197
66
94
5
58
45
117
181
193
180
44
170
171
24
65
21
92
168
197
186
112
22
184
104
98
141
150
19
46
0
59
85
5
160
41
17
193
134
2
188
54
82
112
103
174
143
149
51
93
101
18
55
53
154
158
98
185
89
184
88
27
58
55
173
152
159
161
142
131
189
24
155
85
122
125
69
4
73
0
67
42
83
93
67
190
15
58
47
18
46
91
50
147
196
108
144
146
103
121
27
186
10
89
69
140
120
21
133
185
67
21
77
36
138
8
65
115
119
70
142
89
4
170
17
83
148
181
15
46
199
178
129
138
167
138
105
190
16
35
65
152
106
189
121
118
82
175
26
37
66
124
32
145
197
110
24
118
90
188
168
170
159
193
91
7
62
28
15
108
104
59
146
153
142
48
176
52
144
139
130
143
200
0
9
49
22
143
127
116
9
114
124
84
66
118
82
111
111
88
51
95
115
157
102
74
129
138
156
81
90
29
50
149
20
124
107
173
169
17
109
80
183
22
135
35
134
57
190
8
163
152
191
30
54
15
190
89
170
148
165
108
13
4
41
173
78
122
155
128
97
194
196
194
78
194
14
81
198
42
6
176
87
159
60
154
126
33
121
109
110
115
105
63
112
189
64
170
59
101
58
90
153
165
138
121
59
113
102
112
79
160
48
161
110
152
14
35
88
113
11
131
182
145
19
119
113
134
39
12
135
69
152
36
178
122
171
170
110
146
60
178
15
6
3
52
111
5
168
113
31
168
75
182
32
112
52
174
42
156
151
130
1
150
36
32
159
95
199
83
172
143
112
109
38
91
21
189
161
20
196
39
81
106
186
46
74
112
114
16
96
181
82
147
52
177
33
196
166
35
198
172
34
84
146
182
120
160
116
185
38
69
81
60
50
132
57
103
191
14
16
107
23
64
151
67
36
89
111
164
21
78
67
19
112
68
85
91
106
10
158
112
138
100
104
199
177
41
124
30
154
82
53
11
16
68
130
198
169
123
80
51
132
15
191
164
108
84
152
186
79
106
23
165
171
53
26
198
125
18
54
176
193
96
34
99
78
123
139
19
163
0
51
149
192
22
125
123
147
118
93
86
146
34
42
95
171
111
7
75
153
39
141
31
84
57
145
182
13
81
1
96
192
169
81
25
196
143
194
164
114
18
46
162
148
110
176
128
120
41
65
158
97
67
172
92
183
52
150
79
103
175
185
128
189
161
111
44
72
183
174
173
173
107
5
151
21
147
41
141
72
8
71
148
191
190
153
48
148
29
65
158
27
57
152
164
141
2
145
130
17
115
157
106
91
9
111
100
12
198
99
11
14
74
140
104
50
112
47
47
0
193
14
73
118
44
43
33
172
177
176
133
128
142
80
192
68
63
117
63
121
172
83
123
103
4
4
111
126
62
127
127
153
88
189
139
190
196
129
14
21
118
5
49
150
179
36
163
109
72
107
92
110
19
168
122
92
177
196
123
82
189
40
124
135
1
162
119
175
118
22
196
41
126
4
1
94
63
117
122
129
44
72
180
125
194
91
45
117
27
98
147
51
136
123
52
100
188
77
37
17
21
51
56
53
92
51
86
96
170
70
4
160
136
65
7
161
3
30
168
110
172
32
130
33
140
141
24
61
129
16
134
14
77
22
181
72
6
90
3
84
79
157
182
91
93
149
70
183
83
27
16
0
15
5
165
61
57
111
132
140
119
103
92
137
49
185
161
31
45
104
116
82
173
86
53
153
171
136
195
41
174
18
141
36
110
77
156
66
23
162
106
157
76
74
143
153
33
72
121
84
164
105
39
181
58
29
3
174
10
172
185
74
160
171
104
95
67
145
105
19
59
156
188
120
118
85
92
79
142
28
76
151
145
58
12
120
15
1
104
19
142
13
71
57
112
193
173
2
118
75
43
153
148
78
2
144
145
180
146
87
157
133
12
103
33
187
176
187
133
164
125
47
133
185
97
53
197
183
144
186
55
24
128
179
116
133
38
198
185
7
152
7
25
45
130
50
12
24
154
90
196
162
50
137
0
40
57
131
132
65
142
155
84
110
115
134
169
139
74
8
48
77
32
9
88
48
64
117
39
188
53
130
29
32
191
152
24
141
28
131
90
135
60
106
59
138
157
151
143
118
174
17
22
83
47
58
56
69
182
63
165
109
64
35
17
166
16
46
77
70
49
30
87
25
82
167
112
98
18
188
9
131
18
135
196
117
119
46
82
40
168
115
98
144
101
106
169
101
1
15
33
184
177
0
122
89
174
178
108
2
123
163
112
136
124
107
45
11
42
158
23
56
44
103
45
110
157
75
21
165
28
95
31
178
29
93
8
180
43
89
126
93
25
185
125
12
119
124
135
98
182
168
77
125
81
82
89
154
131
90
5
185
188
108
192
42
186
28
100
63
162
90
49
187
177
45
104
50
198
25
42
70
92
159
65
77
192
184
101
10
178
177
42
61
142
111
187
20
178
105
152
116
124
12
174
185
196
117
104
83
18
112
198
51
169
66
20
12
132
60
10
192
160
27
167
177
85
181
80
168
104
21
14
63
197
129
100
138
105
11
72
11
186
108
172
193
4
150
154
170
163
26
112
70
105
80
166
180
85
190
125
100
79
197
10
181
183
152
66
100
28
8
136
59
124
148
19
43
29
180
195
172
7
189
29
0
165
84
103
185
119
102
80
68
16
142
103
51
28
32
43
46
23
198
15
160
68
