41
126
56
176
114
77
127
178
120
131
53
178
111
139
93
11
195
76
90
9
143
98
194
67
57
21
157
165
87
51
73
17
24
143
114
127
53
107
7
111
94
93
129
101
79
128
105
87
132
49
13
11
110
186
36
150
90
179
161
59
101
79
32
110
16
102
34
38
141
195
56
32
150
193
195
6
48
127
192
67
95
192
32
1
12
135
179
189
29
115
158
52
82
55
91
101
154
58
13
47
117
25
31
180
35
35
123
151
104
165
24
193
52
56
199
92
99
139
170
148
31
48
89
123
164
25
101
22
21
51
1
36
36
160
61
43
39
32
17
62
165
65
73
124
87
17
55
99
173
68
9
100
87
76
178
78
123
99
138
196
135
133
0
182
198
161
141
144
104
197
1
100
170
85
179
90
44
159
128
144
172
59
81
167
15
73
60
169
165
136
131
81
124
81
82
143
15
181
37
38
72
55
81
93
175
23
114
200
163
144
130
180
160
184
23
10
124
115
193
31
126
174
198
56
136
22
138
189
122
88
160
196
115
171
10
195
94
19
108
133
112
10
45
85
143
41
121
71
67
96
40
131
195
122
164
56
77
10
196
146
92
83
184
9
153
177
117
26
58
165
57
58
33
132
120
145
94
50
159
32
142
75
41
107
108
71
143
89
140
147
4
186
75
95
183
94
47
56
78
143
16
184
85
103
116
168
60
19
138
99
163
106
189
173
9
127
64
36
165
136
27
153
87
150
0
138
1
0
132
113
58
182
63
81
72
172
46
133
153
87
13
27
43
136
170
142
118
18
188
76
144
49
121
157
186
17
179
23
51
62
35
164
36
113
121
129
139
158
42
199
153
117
36
191
135
71
98
170
18
137
17
56
100
77
180
145
158
8
115
103
57
152
97
192
126
18
174
187
189
182
37
15
49
182
139
42
98
95
184
77
195
10
73
6
158
115
107
35
49
57
136
37
106
195
93
68
161
150
145
22
117
188
34
56
86
139
69
113
55
171
169
90
8
161
118
130
122
175
120
151
138
77
116
147
100
79
194
92
107
41
126
102
6
188
149
132
46
110
186
195
111
53
77
148
148
151
16
61
93
93
135
14
186
33
15
25
57
56
181
13
54
188
140
152
49
35
167
77
71
172
168
87
47
191
166
170
56
145
17
25
1
97
180
166
150
128
196
101
42
65
130
106
50
169
169
34
0
121
62
9
85
176
179
125
161
62
51
103
24
125
44
18
23
86
7
13
180
57
2
153
47
195
12
200
167
44
79
113
120
20
181
192
100
143
38
171
125
164
137
11
127
101
145
19
54
52
157
73
155
57
43
160
136
23
110
153
162
196
137
171
179
59
118
182
189
155
44
49
65
170
0
22
176
5
175
69
126
148
146
62
85
176
107
155
193
73
136
98
59
145
159
124
135
60
189
176
22
98
54
112
193
168
104
36
133
63
74
92
20
51
129
160
56
154
109
61
101
167
185
78
172
65
65
157
174
125
153
77
157
167
52
17
83
39
17
108
17
66
75
56
35
29
177
12
30
19
127
25
105
131
167
92
41
164
190
159
167
125
19
32
114
68
107
2
194
145
38
40
5
191
69
91
72
166
34
184
100
86
191
126
136
185
128
2
16
124
60
10
144
121
160
56
166
194
39
45
38
48
18
99
33
190
48
186
166
147
198
142
92
49
117
161
80
34
113
82
80
193
161
118
172
37
45
194
120
41
29
130
90
150
27
95
50
97
182
131
190
101
21
169
157
154
47
176
86
100
144
18
142
6
129
191
80
115
119
15
94
163
21
14
17
72
82
139
44
1
8
142
39
178
15
94
40
124
44
115
171
178
59
40
188
28
63
79
34
150
31
196
57
128
173
76
105
167
67
4
55
166
181
116
63
108
6
87
60
163
69
174
149
116
25
126
187
12
8
135
152
72
73
116
112
193
113
7
29
44
126
54
132
14
37
198
13
169
136
58
99
186
199
137
29
157
42
73
133
139
100
101
31
47
5
119
71
23
86
117
143
161
153
48
100
67
152
74
68
50
2
76
95
182
157
195
57
87
122
72
113
79
114
85
11
50
195
124
84
186
47
138
169
67
79
113
67
85
14
173
42
160
59
160
179
113
55
162
115
112
91
181
63
42
86
96
2
134
11
105
58
48
76
154
107
37
50
116
46
131
100
128
184
18
12
167
92
102
78
92
107
160
149
3
143
3
90
8
123
58
47
191
3
33
165
138
86
11
17
105
93
159
5
87
41
99
2
60
180
162
49
65
53
94
